0 0.6486111111111111 0.7034722222222223 0.21388888888888888 0.20416666666666666
0 0.6493055555555556 0.7020833333333333 0.15138888888888888 0.14305555555555555
0 0.8722222222222222 0.38055555555555554 0.11666666666666667 0.12222222222222222
0 0.8736111111111111 0.3798611111111111 0.06388888888888888 0.0625
0 0.24513888888888888 0.7888888888888889 0.0625 0.07222222222222222
0 0.5638888888888889 0.1625 0.08611111111111111 0.10277777777777777
0 0.7291666666666666 0.8590277777777777 0.17777777777777778 0.14583333333333334
0 0.7263888888888889 0.8618055555555556 0.07222222222222222 0.0625
0 0.19791666666666666 0.3375 0.15138888888888888 0.18611111111111112
0 0.19722222222222222 0.33819444444444446 0.07777777777777778 0.0763888888888889
